741455
576839
388558
184336
-27449
-238107
-438997
-621876
-779244
-904643
-992928
-1040479
-1045344
-1007323
-927977
-810560
-659890
-482148
-284626
-75427
136867
343545
536130
706719
848316
955110
1022721
1048374
1031017
971363
871859
736587
571095
382175
177576
-34308
-244785
-445220
-627389
-783819
-908093
-995113
-1041308
-1044783
-1005395
-924761
-806189
-654543
-476044
-278015
-68580
143668
350022
542016
711774
852332
957922
1024213
1048486
1029745
968758
868028
731686
565328
375776
170808
-41167
-251453
-451424
-632874
-788361
-911505
-997255
-1042092
-1044177
-1003425
-921507
-801783
-649167
-469918
-271391
-61731
150463
356484
547879
716798
856311
960693
1025662
1048554
1028428
966111
864159
726755
559535
369361
164033
-48024
-258110
-457608
-638333
-792869
-914878
-999354
-1042832
-1043527
-1001411
-918212
-797343
-643764
-463773
-264757
-54878
157252
362930
553719
721792
860253
963422
1027067
1048576
1027067
963422
860253
721792
553719
362930
157252
-54878
-264757
-463773
-643764
-797343
-918212
-1001411
-1043527
-1042832
-999354
-914878
-792869
-638333
-457608
-258110
-48024
164033
369361
559535
726755
864159
966111
1028428
1048554
1025662
960693
856311
716798
547879
356484
150463
-61731
-271391
-469918
-649167
-801783
-921507
-1003425
-1044177
-1042092
-997255
-911505
-788361
-632874
-451424
-251453
-41167
170808
375776
565328
731686
868028
968758
1029745
1048486
1024213
957922
852332
711774
542016
350022
143668
-68580
-278015
-476044
-654543
-806189
-924761
-1005395
-1044783
-1041308
-995113
-908093
-783819
-627389
-445220
-244785
-34308
177576
382175
571095
736587
871859
971363
1031017
1048374
1022721
955110
848316
706719
536130
343545
136867
-75427
-284626
-482148
-659890
-810560
-927977
-1007323
-1045344
-1040479
-992928
-904643
-779244
-621876
-438997
-238107
-27449
184336
388558
576839
741455
875653
973927
1032246
1048217
1021184
952257
844264
701634
530220
337054
130060
-82270
-291225
-488232
-665210
-814897
-931152
-1009207
-1045860
-1039605
-990701
-901153
-774635
-616338
-432755
-231418
-20587
191088
394924
582558
746292
879410
976450
1033430
1048015
1019604
949364
840176
696519
524288
330548
123247
-89110
-297812
-494295
-670500
-819198
-934288
-1011049
-1046331
-1038687
-988431
-897625
-769993
-610772
-426494
-224719
-13725
197832
401273
588251
751097
883129
978930
1034571
1047768
1017980
946429
836051
691374
518333
324028
116429
-95946
-304386
-500337
-675762
-823464
-937384
-1012847
-1046757
-1037725
-986119
-894058
-765318
-605181
-420216
-218011
-6863
204567
407605
593920
755870
886810
981368
1035666
1047476
1016312
943454
831891
686200
512357
317494
109606
-102778
-310946
-506358
-680996
-827696
-940439
-1014601
-1047139
-1036718
-983765
-890453
-760610
-599563
-413919
-211294
0
211294
413919
599563
760610
890453
983765
1036718
1047139
1014601
940439
827696
680996
506358
310946
102778
-109606
-317494
-512357
-686200
-831891
-943454
-1016312
-1047476
-1035666
-981368
-886810
-755870
-593920
-407605
-204567
6863
218011
420216
605181
765318
894058
986119
1037725
1046757
1012847
937384
823464
675762
500337
304386
95946
-116429
-324028
-518333
-691374
-836051
-946429
-1017980
-1047768
-1034571
-978930
-883129
-751097
-588251
-401273
-197832
13725
224719
426494
610772
769993
897625
988431
1038687
1046331
1011049
934288
819198
670500
494295
297812
89110
-123247
-330548
-524288
-696519
-840176
-949364
-1019604
-1048015
-1033430
-976450
-879410
-746292
-582558
-394924
-191088
20587
231418
432755
616338
774635
901153
990701
1039605
1045860
1009207
931152
814897
665210
488232
291225
82270
-130060
-337054
-530220
-701634
-844264
-952257
-1021184
-1048217
-1032246
-973927
-875653
-741455
-576839
-388558
-184336
27449
238107
438997
621876
779244
904643
992928
1040479
1045344
1007323
927977
810560
659890
482148
284626
75427
-136867
-343545
-536130
-706719
-848316
-955110
-1022721
-1048374
-1031017
-971363
-871859
-736587
-571095
-382175
-177576
34308
244785
445220
627389
783819
908093
995113
1041308
1044783
1005395
924761
806189
654543
476044
278015
68580
-143668
-350022
-542016
-711774
-852332
-957922
-1024213
-1048486
-1029745
-968758
-868028
-731686
-565328
-375776
-170808
41167
251453
451424
632874
788361
911505
997255
1042092
1044177
1003425
921507
801783
649167
469918
271391
61731
-150463
-356484
-547879
-716798
-856311
-960693
-1025662
-1048554
-1028428
-966111
-864159
-726755
-559535
-369361
-164033
48024
258110
457608
638333
792869
914878
999354
1042832
1043527
1001411
918212
797343
643764
463773
264757
54878
-157252
-362930
-553719
-721792
-860253
-963422
-1027067
-1048576
-1027067
-963422
-860253
-721792
-553719
-362930
-157252
54878
264757
463773
643764
797343
918212
1001411
1043527
1042832
999354
914878
792869
638333
457608
258110
48024
-164033
-369361
-559535
-726755
-864159
-966111
-1028428
-1048554
-1025662
-960693
-856311
-716798
-547879
-356484
-150463
61731
271391
469918
649167
801783
921507
1003425
1044177
1042092
997255
911505
788361
632874
451424
251453
41167
-170808
-375776
-565328
-731686
-868028
-968758
-1029745
-1048486
-1024213
-957922
-852332
-711774
-542016
-350022
-143668
68580
278015
476044
654543
806189
924761
1005395
1044783
1041308
995113
908093
783819
627389
445220
244785
34308
-177576
-382175
-571095
-736587
-871859
-971363
-1031017
-1048374
-1022721
-955110
-848316
-706719
-536130
-343545
-136867
75427
284626
482148
659890
810560
927977
1007323
1045344
1040479
992928
904643
779244
621876
438997
238107
27449
-184336
-388558
-576839
-741455
-875653
-973927
-1032246
-1048217
-1021184
-952257
-844264
-701634
-530220
-337054
-130060
82270
291225
488232
665210
814897
931152
1009207
1045860
1039605
990701
901153
774635
616338
432755
231418
20587
-191088
-394924
-582558
-746292
-879410
-976450
-1033430
-1048015
-1019604
-949364
-840176
-696519
-524288
-330548
-123247
89110
297812
494295
670500
819198
934288
1011049
1046331
1038687
988431
897625
769993
610772
426494
224719
13725
-197832
-401273
-588251
-751097
-883129
-978930
-1034571
-1047768
-1017980
-946429
-836051
-691374
-518333
-324028
-116429
95946
304386
500337
675762
823464
937384
1012847
1046757
1037725
986119
894058
765318
605181
420216
218011
6863
-204567
-407605
-593920
-755870
-886810
-981368
-1035666
-1047476
-1016312
-943454
-831891
-686200
-512357
-317494
-109606
102778
310946
506358
680996
827696
940439
1014601
1047139
1036718
983765
890453
760610
599563
413919
211294
0
-211294
-413919
-599563
-760610
-890453
-983765
-1036718
-1047139
-1014601
-940439
-827696
-680996
-506358
-310946
-102778
109606
317494
512357
686200
831891
943454
1016312
1047476
1035666
981368
886810
755870
593920
407605
204567
-6863
-218011
-420216
-605181
-765318
-894058
-986119
-1037725
-1046757
-1012847
-937384
-823464
-675762
-500337
-304386
-95946
116429
324028
518333
691374
836051
946429
1017980
1047768
1034571
978930
883129
751097
588251
401273
197832
-13725
-224719
-426494
-610772
-769993
-897625
-988431
-1038687
-1046331
-1011049
-934288
-819198
-670500
-494295
-297812
-89110
123247
330548
524288
696519
840176
949364
1019604
1048015
1033430
976450
879410
746292
582558
394924
191088
-20587
-231418
-432755
-616338
-774635
-901153
-990701
-1039605
-1045860
-1009207
-931152
-814897
-665210
-488232
-291225
-82270
130060
337054
530220
701634
844264
952257
1021184
1048217
1032246
973927
875653
741455
576839
388558
184336
-27449
-238107
-438997
-621876
-779244
-904643
-992928
-1040479
-1045344
-1007323
-927977
-810560
-659890
-482148
-284626
-75427
136867
343545
536130
706719
848316
955110
1022721
1048374
1031017
971363
871859
736587
571095
382175
177576
-34308
-244785
-445220
-627389
-783819
-908093
-995113
-1041308
-1044783
-1005395
-924761
-806189
-654543
-476044
-278015
-68580
143668
350022
542016
711774
852332
957922
1024213
1048486
1029745
968758
868028
731686
565328
375776
170808
-41167
-251453
-451424
-632874
-788361
-911505
-997255
-1042092
-1044177
-1003425
-921507
-801783
-649167
-469918
-271391
-61731
150463
356484
547879
716798
856311
960693
1025662
1048554
1028428
966111
864159
726755
559535
369361
164033
-48024
-258110
-457608
-638333
-792869
-914878
-999354
-1042832
-1043527
-1001411
-918212
-797343
-643764
-463773
-264757
-54878
157252
362930
553719
721792
860253
963422
1027067
1048576
1027067
963422
860253
721792
553719
362930
157252
-54878
-264757
-463773
-643764
-797343
-918212
-1001411
-1043527
-1042832
-999354
-914878
-792869
-638333
-457608
-258110
-48024
164033
369361
559535
726755
864159
966111
1028428
1048554
1025662
960693
856311
716798
547879
356484
150463
-61731
-271391
-469918
-649167
-801783
-921507
-1003425
-1044177
-1042092
-997255
-911505
-788361
-632874
-451424
-251453
-41167
170808
375776
565328
731686
868028
968758
1029745
1048486
1024213
957922
852332
711774
542016
350022
143668
-68580
-278015
-476044
-654543
-806189
-924761
-1005395
-1044783
-1041308
-995113
-908093
-783819
-627389
-445220
-244785
-34308
177576
382175
571095
736587
871859
971363
1031017
1048374
1022721
955110
848316
706719
536130
343545
136867
-75427
-284626
-482148
-659890
-810560
-927977
-1007323
-1045344
-1040479
-992928
-904643
-779244
-621876
-438997
-238107
-27449
184336
388558
576839
741455
875653
973927
1032246
1048217
1021184
952257
844264
701634
530220
337054
130060
-82270
-291225
-488232
-665210
-814897
-931152
-1009207
-1045860
-1039605
-990701
-901153
-774635
-616338
-432755
-231418
-20587
191088
394924
582558
746292
879410
976450
1033430
1048015
1019604
949364
840176
696519
524288
330548
123247
-89110
-297812
-494295
-670500
-819198
-934288
-1011049
-1046331
-1038687
-988431
-897625
-769993
-610772
-426494
-224719
-13725
197832
401273
588251
751097
883129
978930
1034571
1047768
1017980
946429
836051
691374
518333
324028
116429
-95946
-304386
-500337
-675762
-823464
-937384
-1012847
-1046757
-1037725
-986119
-894058
-765318
-605181
-420216
-218011
-6863
204567
407605
593920
755870
886810
981368
1035666
1047476
1016312
943454
831891
686200
512357
317494
109606
-102778
-310946
-506358
-680996
-827696
-940439
-1014601
-1047139
-1036718
-983765
-890453
-760610
-599563
-413919
-211294
0
211294
413919
599563
760610
890453
983765
1036718
1047139
1014601
940439
827696
680996
506358
310946
102778
-109606
-317494
-512357
-686200
-831891
-943454
-1016312
-1047476
-1035666
-981368
-886810
-755870
-593920
-407605
-204567
6863
218011
420216
605181
765318
894058
986119
1037725
1046757
1012847
937384
823464
675762
500337
304386
95946
-116429
-324028
-518333
-691374
-836051
-946429
-1017980
-1047768
-1034571
-978930
-883129
-751097
-588251
-401273
-197832
13725
224719
426494
610772
769993
897625
988431
1038687
1046331
1011049
934288
819198
670500
494295
297812
89110
-123247
-330548
-524288
-696519
-840176
-949364
-1019604
-1048015
-1033430
-976450
-879410
-746292
-582558
-394924
-191088
20587
231418
432755
616338
774635
901153
990701
1039605
1045860
1009207
931152
814897
665210
488232
291225
82270
-130060
-337054
-530220
-701634
-844264
-952257
-1021184
-1048217
-1032246
-973927
-875653
-741455
-576839
-388558
-184336
27449
238107
438997
621876
779244
904643
992928
1040479
1045344
1007323
927977
810560
659890
482148
284626
75427
-136867
-343545
-536130
-706719
-848316
-955110
-1022721
-1048374
-1031017
-971363
-871859
-736587
-571095
-382175
-177576
34308
244785
445220
627389
783819
908093
995113
1041308
1044783
1005395
924761
806189
654543
476044
278015
68580
-143668
-350022
-542016
-711774
-852332
-957922
-1024213
-1048486
-1029745
-968758
-868028
-731686
-565328
-375776
-170808
41167
251453
451424
632874
788361
911505
997255
1042092
1044177
1003425
921507
801783
649167
469918
271391
61731
-150463
-356484
-547879
-716798
-856311
-960693
-1025662
-1048554
-1028428
-966111
-864159
-726755
-559535
-369361
-164033
48024
258110
457608
638333
792869
914878
999354
1042832
1043527
1001411
918212
797343
643764
463773
264757
54878
-157252
-362930
-553719
-721792
-860253
-963422
-1027067
-1048576
-1027067
-963422
-860253
-721792
-553719
-362930
-157252
54878
264757
463773
643764
797343
918212
1001411
1043527
1042832
999354
914878
792869
638333
457608
258110
48024
-164033
-369361
-559535
-726755
-864159
-966111
-1028428
-1048554
-1025662
-960693
-856311
-716798
-547879
-356484
-150463
61731
